1
5 
2
-2 
15 7 
-37 
3
29 
-34 -37 
23 -3 45 
35 -40 
44 
4
4 
4 -45 
-28 31 -20 
2 -33 -35 7 
35 -38 -45 
32 2 
-3 
5
20 
28 -44 
41 19 39 
-32 6 2 -4 
-46 -17 -28 -16 33 
17 6 -25 50 
25 -47 25 
3 -33 
-43 
6
38 
27 -50 
-28 -9 -37 
-32 -29 8 -49 
41 -27 11 -16 -2 
-40 -33 -10 -11 10 30 
47 10 -49 -45 -47 
39 -39 42 -35 
17 -7 -49 
10 -31 
18 
7
39 
22 5 
-13 25 -43 
-11 -30 -19 -12 
5 28 6 -41 33 
-35 -13 -3 -23 -10 50 
49 30 -2 -39 -25 -13 -33 
-6 -33 43 40 -40 28 
-20 33 -48 8 31 
48 24 27 21 
-44 10 26 
-23 30 
11 
8
-32 
36 -23 
35 -7 14 
12 -25 -15 -46 
17 -3 31 35 9 
-17 42 -22 16 45 28 
0 5 4 -41 12 -47 35 
37 49 -9 23 5 21 -35 3 
-36 45 46 -44 -38 37 -10 
-24 20 -18 0 42 26 
-12 7 1 -39 -44 
-38 -23 -19 -30 
45 -36 -11 
50 -21 
31 
9
-31 
26 1 
32 36 -30 
-48 8 20 35 
23 -21 -40 -21 -41 
11 29 28 32 0 41 
-49 1 -23 2 -12 28 -12 
-46 35 -13 -17 -5 -45 30 -13 
-18 18 -48 25 -49 -7 36 -17 48 
-33 32 -21 45 -2 34 -3 22 
-30 -16 35 6 -34 -26 -8 
34 -31 -5 48 -21 44 
30 -23 5 -5 32 
13 -47 44 -24 
-36 -30 32 
34 -24 
27 
0
